3897426094
768214322807836672
896419952436977664
1099756360265318402
1089981661280944128
1099802100278661123
1099113752748646400
884592833344262145
782815721143218176
1099745738110717952
1086211983450521600
1049568342904897536
730178900039483392
1082989879221518337
1081744200234749952
3272567186
1073234531195351042
1099651855595044867
902139014681026561
1099419399465979904
771910808985042944
20478542
64711152
763226702151618560
1096811401794994177
1000000491621842945
911749572745203713
900477490828906498
1063449650127126529
971405762936393729
759075360042541056
1090299374339571713
1090427218235277315
1073327595217960961
1069997701230723077
1088269983275274241
1087028612988059655
985642598709809152
1095520082111868929
1401290053
1097564576755912707
3288952001
862658972704272384
1070420186208055317
975826353147740161
1071828384165048320
1073394387898359810
973708004565516288
815541675300941825
1089179755398733824
1089939150214549509
1098694560253915142
1054421274477322240
547535099
3042832812
1098770962512822274
948867293802528768
932059387874521088
1069939690399195139
130091847
804803929
1073059507662716928
1060690814475649024
3653744597
1509628711
1096145951465578504
771014655984762880
1020489648601264129
1059133740671229954
978494446349242369
1060215773862510592
823413326352973824
968676361727393792
449034018
1070585123752550401
1009690414394163200
900400880
949176503576625152
838204336580739072
1057995212151115776
1098016156261253121
1007516392638296064
1094502737872596992
1088915673198350336
1071722392207220737
1096525579640295431
204265518
1847891552
841031994972626945
1097979988484153345
1074827300846342145
1097587268154478592
863525605316247553
1097668483326902272
1089945253375864832
564437244
1083141851081777152
3744456382
873496781094612992
1051559863149613058
1081556706859966465
1008955449498992640
1097720948877418496
4274552297
560090842
833160148680052737
324528775
1076570446194200576
1095898335896977410
16604073
1097213255083311105
2905592272
1005480194596134912
988882404046712833
186123235
767356716170084352
990680383191748608
1096979186399526912
1009834465844068352
147163308
1092686217475514368
909535021995892736
1096892638257500160
1059129353722888192
1638189746
1071069627390877697
49366465
1040250104001822720
1094254062193786880
811245692853227520
904122630088925184
265375462
1096470060619706373
1226313331
731272512013774848
576862199
885236396063170560
87034279
1077024730362851329
1011367996365959168
4083588316
974793749267181570
1052707733932257280
972494811419754497
1030928749141938176
15631086
1096800686057041920
740243504316616705
1069782497582551041
934096603912245248
2460216512
2474879942
1076502230818344960
3250281194
1068879731922280449
1070177180204843008
1069816433281024000
225021500
1041382409877499909
1084268268288987137
1081909219920506880
1567314427
863888190528028672
987178042819686400
390927094
1070187130071195648
961623063270961152
1001421733
2548374998
1095404553476952067
1001471221769351173
134280537
1096221144837959681
736180740
1058106169074446336
1069877697109667840
714293194071142400
1069758516317970432
2730282040
1061766882376716289
1079464350979670023
908605100007886849
1074766862137737216
1013922111117824001
3424396648
731771106332278784
815474875
1085770895359127553
1070320623228997637
714538123481452545
769345164166868992
1093178644489396225
974011100340674561
1074307642070159361
28074477
1077056337341689858
1066449900613877761
1052014238036832257
1095148467830378496
818676251992932354
764659594664742912
1029724470024519681
777247311793643520
852131172
905955827038785537
1095809133289328645
886463383045902338
1060038855338926080
2699191826
2996584225
2424430304
1079987198387150848
1073341226773032960
1086070122639433729
803725608526184449
1071138463565709312
877966645347659777
722823197498839041
889656914119802880
2331820878
964290733887848448
1081376539478900736
873255646497472512
703584770136084480
1095407231078727680
2172724893
2369010602
1093884946949816320
1010493959683104768
377124140
2826147453
1023532165290713088
24079316
23074412
997702277375840256
492623411
767024156001112064
1095098853462818817
1071978486900895744
2968168626
1267222452
1076142756400152578
822666387730694145
2674360752
938605521908592641
1050893532955795456
243907345
1010939090898911232
164366122
856228800551636993
2608226263
806380576475414528
863910198095880192
1058922818224750592
1048284849562431488
1023755904934653952
970727843893260298
902255751111991296
809387422085763074
1072878083529674753
1040031313095356416
1043989241179574273
1027464223285108736
1075510913560707072
1080118541456617472
1018070892453253120
3051676321
1009679059142316033
86773118
924451561354358786
851628062248665089
1047552799867854849
744730693750534144
1013697321664540672
1009967695780073472
921309890
35129691
1079233315134156800
3246974829
966851406127824896
741193679520419842
910692336870596608
1092664262697324545
2861333198
897480570103623680
871906677381091329
1074247529179492358
1070542569061474304
729297069366616068
935963898787913728
946055207049240576
1069019176415739905
2836676800
918822229189775360
1093893990426918912
1033114531495653376
950487765153611777
1211159786
1080954091977601024
1070028494732709895
1076578965073076226
1717103791
733476628265762816
3119585404
711696363445227525
1080970357392240641
2249627748
4845438638
4552483759
902163824492462080
2890146596
962818934855659521
2683512235
2809729012
3249879420
829875742045450240
1071931015793385472
2704597106
965367211731881984
992387655877971968
1045097581162958848
3083856768
3414146770
1060720100511305729
1001253940263096321
1078964617727148032
849788182241660928
1090674570296807429
313025775
1067428963494985732
3328537451
944528802314629120
940578456689086464
1042304469705392128
875403233828773890
834870445732143104
1059240246771138560
1014430348682424320
1070411249933012992
131380261
3405549613
4700538374
1029134062940651520
970752859330502658
4740803748
954153862398693377
78350672
4347014959
861790977283039232
1051599536630767616
525664653
1008821650534600704
1003661769708048384
1091647808267059200
4836404739
1093177931046752263
956306318142427137
983853367788093441
982083344497127425
922691776472690689
1092970482880729088
752585490939850756
868943572816588800
768002041943724032
1092874352511672324
1067205585802690560
962383621901479936
1092825882966835200
33229444
902368173089021956
1072881163386191875
813368020546424833
724069486840676352
1659027618
1046553873299787776
1074463752869662720
1092571035885625344
1009427296674082823
1092575344681467904
1055170099844284417
1092203568105439232
956007037552472069
1085769385011113985
884520253597687808
903888277987581952
1085464845686759424
1082312030403596288
1060714001720635393
1056343762526445568
887716988373676033
1088435014029713408
1069822816604823552
1053449416529661953
3320944739
1081159148354617344
1588808094
2968879989
1091504608331976704
777672191731113984
42164815
1033460900479553537
3076946897
1081283497489301504
952014389783203840
1086471619328069632
918874144422449152
976151943977500677
829126356915064832
1021971283272130560
1088911989169098755
4831340832
1145109847
935074105291808768
1055926996335804416
984558248308035584
823682625797816320
1054221648763740160
4804365321
1089462416843423744
1034790355730944000
1062862698076094465
1037941549693317120
1083913164113301504
1085014735458914306
857461715465842688
2815894558
902779926281150464
965779065151115265
1009149770458456065
2901801224
3300018646
1007314305115713536
769989880478830592
1051089176127557632
957979210127171585
325922777
1077713160197603328
1059111287907672064
2516858895
2813455589
953276257726287872
1002332139617243136
590443327
2544339893
957266580743704576
911484035473580032
886283290876968960
1089519924907630593
1071923090492456966
1089146439945531394
859172268374581248
995797441126559744
729647348
1017183083106324480
967861458024501248
1052388302958055424
841363420670758912
864198694740119553
996480933611036673
1084324609359515648
1035658289005121537
1084122032399400965
722678840389169152
927122519844360192
3182108413
806348051681939456
712199734312579072
769696998589071360
967872351248486400
1023538003778723840
846577531
1088649412715470848
807892296
1029019698183188481
3044803053
738347395
1710460262
1078743112447610883
1088523596501340160
1087593885864407041
1072990630186487809
1059702411797753862
2792967354
814683623685292032
877032013034737664
1087928599448047618
828103644096573440
1066737471550091264
1030113219099152385
1087376033702178818
901029934294073345
1088435235493167105
996677241781223424
36763097
2641289363
946934893
616361334
930555583945695235
974860966864154624
1063912655696666624
1088120195028267009
1069392097990586373
3396085787
1082679280365174786
1040952272916828160
1056661978251292673
1639803272
3404535679
235722205
55373071
2849961616
880213676434894848
900870531641208832
955417046879260672
926025645393620993
1078458673847066624
949302218292805633
703743471002263552
977634889993355266
1077630706329812994
951105860704591874
725921857484918784
964178960673267712
2267837586
1082431573696294912
4578078865
326543437
907950079335596033
1067619371122610185
1087484458209427458
904447048983904260
1069775061463183360
1031602160428040192
1085741827918123010
223115602
1065460075366686720
1087592641750056965
1074423217362735106
4754693928
1054109909544026112
3304619215
787834163986571264
2695059297
1032080110688632832
1046798042152734726
1043343176197595143
880204174893473794
2882661526
33319336
3807071956
1087293018489577472
1024254467489837057
1036920703214383104
2969867429
1078948879511506944
879429951208005632
4043184912
721572659155247105
63819385
801600021095399425
962050878633996289
1068306260972498944
1079184690018275328
4151190374
884608651553648642
3656923457
849806128154255360
1009152106136330241
1055941207182970880
75616864
1066061540615323648
2376440382
1037881399364202497
1032467452913844224
957843634539384832
1001151050
2419374889
1086359201591390208
1086749639532007424
1066920408723701761
17182321
942680207395295233
2224756885
1054158577005445120
1074188449035509760
1002745643511640069
994954701673201668
969322652010733574
1085763645710028803
1073701092410748930
389879528
1036031923053899776
1086372919524114437
2941426185
1062501409818587141
1022607764210761728
370391507
1086056402722930694
2409657750
1082110398512402432
1085996285491138560
1082452448873193472
1076152780610592768
1078460521819619328
1072966386706776068
35767916
1027766085859401728
1006949837223464960
1084481320934391809
539379432
1084730976717193216
3726227418
4849123103
756407094715228160
951778282931937281
1039381006208434176
3558632717
993940604026540033
1060887792694177794
905344456127369216
787397694587281408
796053855108792321
1085357144143286277
794704787333844993
1070080905262247936
1615916906
886985392351830018
138920883
3347373701
1035333263861207045
824791330954022913
990221443299495936
1065431262062612485
1008578239655219201
1083933948403769344
778397468652347396
977280541316628480
1083707207089311745
389107911
1070108068044652544
1023391684300873729
1058025967883575298
1059499214722555905
1064650077334134784
1068931245072162816
1084609899349377030
850100063066042369
988538820491608065
2845509470
3054481257
805797978304868352
963366713650802689
1054810137918128128
780477534525947906
709363982633541636
2962206748
3182206578
2890564769
978579732584308736
785866975729844224
1072602094484496384
1073444858793218050
1084350860258361345
1056449418541420545
1052038602274852864
1032423488844251137
717118083568111617
1024740001421189120
982379693646196736
1083731417954017280
2951199837
874553637216899073
3910675336
795365495650324480
739968750473056256
1068990633942155264
1051567050768957440
3964079773
2433795468
3323603857
749827056771489792
1083077277104119808
847639078279327744
1081337575569162241
1066925717609299968
980238940035780609
1007626285416435713
4882643953
1082563030611824640
1034196054277677056
442870933
773728997482061824
1082469765434740736
995763515926310912
844313012324483073
886977475825332224
978594940887420930
1082662072217935874
1075723217891983362
4077500189
1082394000793972736
722739762117914624
1076519279967830028
981006921007210496
346111129
1073475430399782913
1082237030996869120
1020064034224320512
1008009924079771649
2834394591
1082196790773014528
1060050760292093952
3280770524
872927749589139460
900676542350581760
1082087682686271490
909848710389096449
963134199573241856
1008771175248465920
999909546326835200
1049327507923783680
897932290088632321
925306641205157888
2984876184
846395377016287233
757473118260604929
874349663335231488
191550476
1064983760
3318587196
2779754107
960321061882654720
3776626154
706943252532957184
3362715493
845651036606025729
3250028238
216364093
708939557425844226
4786856840
918483204075610113
2208730082
1044016378863206401
811339121784451078
3866624295
986059962093715456
903616932804513792
2321742668
4146784575
789263858573647872
1046899991065874432
787693730044272640
851214680257376256
951139202871181312
839573910781833217
842760720982970369
1070221864105062400
1080993836720181250
2226236974
3302694001
738079626782593024
1072909981991587840
3119003814
1026604401425870853
2798982373
1004212749499543552
382183813
1081144000822812675
894962846521491456
951938390928363520
735946396977635328
1081258340523614208
964402731979952128
1081253644497010688
1081251949603897344
890519900648878080
746445211878854656
1064730734496165888
1002790388250406912
748634523659804673
1076272406182928385
2370803837
2312914867
1016295990452727809
789466967753252864
1081043683728867329
1023112941061603329
1011731793161146372
821823777306710016
2903330338
990625570693242880
994165423385075717
605277178
737859999230222336
1032080008179724288
1075618628421251078
3984013696
760890572324429824
3281074099
1080954038315757568
1072614390422216704
723594024632856576
1080948621997195266
103286287
938301567781961728
1079443093232017413
757600925515001856
1649878784
1045454033723543552
2725728783
1045924774080401410
719370726046896128
917427277780148225
806948857904930816
3152672626
1031316145964494849
211825462
4872406131
1025147374681776129
1046072920005595136
524000089
3548142981
964765677998432256
884966889092468736
1028316151225495552
3996319631
776961910902108160
1080733041608122368
1080778703628627968
943584841399926784
1065317999660404736
901074737509564418
2715612896
1080713989313712129
1074222397056663556
1071984928454336513
3221896526
1060743552643284992
828440821221437445
956171546858573824
1078453492522643457
857517773810843648
1012085085758218240
1000484908849139713
846297567076012032
1040362142778753027
20900242
1070019010731958272
1069357329278296064
930516351705407499
1079392242698088448
2369732305
714249171931258880
940321013409173504
10008762
972112165783068672
1072298047126847489
740669407970627585
25159559
2998782614
963739500567408640
2192529073
817276176037253120
775787626624327680
859120031115902978
1001923505817112576
1209216895
73969980
834991024527192064
969413721415127040
941700134609522690
1023937549809725442
2318856649
1079660471727333381
1035752859151818753
988456151548420097
1015671706508316672
1066544971614834688
1295863994
1066564507600936960
1021156529670508544
4147059561
1069458027990921217
783155957056495617
2465608380
1039457011409121280
913319504788168704
2509398230
1027576972736688129
805826270693097473
4011983123
4594085236
1051328666196676609
894745304305590272
1005593681309634560
1079074549537361920
1008162279777558528
700799610068062209
3414867701
861385112084242433
3782879021
1075914327826333702
951334992
919743141758029827
940385706219728896
1384068812
2408983479
850309330444234753
957988172570529792
1069748674471677952
996128626507730944
864455248768892936
789479433124061184
999821782268940288
95088060
401292970
747445902722342913
765271969977675776
1078854114258403328
1073643854522388480
904205356477292548
444993631
1021100830861201410
1001572124451131393
991880467623305217
915402350587604992
3395760765
1078803062461030400
861257725954732033
1000105346956918794
813743851403878400
1078707995486416897
4750815781
2517952862
1039207638272278528
2846136124
986764544293847040
998871851370799104
1078001827893989377
1075632757064241153
2937045735
941378920871530496
2342614635
2772595341
837351045068120064
581999262
710972626190131204
1070155845412024320
760260457953370112
878229670319316992
938124830930452481
1063644851516964864
1045074381163163648
444597968
972667915534323713
524645967
1039339205158215681
920739188877774850
1046293929942024192
65339665
1301130374
3315226810
1029013568753205248
1070791122694352896
1077353812854276096
1059406588170125312
751882181967044608
1616286390
971031883659333645
1045407320199581696
2681254658
1008664989077344256
23699850
1015990031780077570
1056072798714482688
964848334203736065
1019003478096666626
1075883509997199360
1076897132500709377
131938556
3252920667
3772149015
4783907225
528747251
1062218898815234048
897188062098325505
21288892
907733280660656128
982620261299126272
995344145546993664
890320960758349829
947024372
433732801
859895944858488833
997319474033430528
974485797419343872
1068274549928603648
1026162989223895040
1071433357647601665
1062697080270082048
1072131038669955072
981978210
1074819619796471808
28060940
719759081108598785
892336154846019584
3313428261
1056999770198364163
1045639357309374469
4091646029
1010617333218504704
969219119194271745
3222517346
1077000919282315264
161852726
828028458395541504
1162494061
720678046177619968
848719970
888908259113021441
916321859687165952
993658184375169025
2409139296
1068168468883755008
1833283158
784554733872775168
886514165187325952
4743295099
2995260890
1002296336174198790
695431665091411968
1076276842733191168
468658179
1061317691603066880
1044076930033545216
1072888055483195392
4828137798
965977472209702912
1076169244843204609
1022165251255459840
1074147092061450240
1071899288983298049
1056685726841139201
1066073130857312256
1070375444468383744
1058010406382436352
1008854415036608512
843278479219085312
1073350235366281216
901397567077924864
3043250403
808451430382206976
981438724599885825
1048953114877997056
1002979450492018688
932342534290001921
854805011427016704
909867036225998849
1075811932383428608
3030901999
4701277823
931972340161716226
2782511260
1075503951397539840
1035400253967613952
59219968
1043338167145775105
1036028309404930048
1066538822723194880
3145907362
903647171068624900
1075304673362497536
857101533489528832
1073212667723161600
1072841741244485633
902300205193850880
451140028
1070530083838808064
1369778060
260561149
2975318764
1074197702576087040
873260737724116994
709205032055377920
1070024464837066752
234159978
189105682
931934302492794880
1066732793965789186
1074014112802316288
3041602792
1054841121396805632
1062311472892706816
1074970821406257153
835254550558822404
2790658501
4766066624
878347294881533952
856642874204708864
1054332134134026241
18546022
1732351764
28295764
2411842766
982817521886625793
58647575
1073417299741339648
3182242428
1072575027399208960
766609140755996673
1071093422210068480
1072508537069322240
716456561510649856
1056371620808318982
798745856899837952
853664480722538496
4443695055
2588876705
885657315986350080
209273370
1042608815655579648
830823953618837505
1068297242971385857
2766562369
830529425821335553
905573136162316288
1074051173672513537
719834614194434050
949818786789474304
2933736893
3349266749
1187053530
1070751334540800000
940115934911586305
982003049043546114
961452529321115648
1073683569493594114
1068856084486651905
910732674209169408
1064906110036045824
1072902940761874432
752144308850032640
955953364378021888
923322776357949440
860683754670444544
4073889445
1006757049093541888
1036800491198377985
1072314930253185024
938076928245768192
1001624075586940928
4135911557
912206540765110273
1072113739539890176
2290197870
2927813462
875597234330415106
742661844955959301
18625671
860500078544343040
1047570692596781057
494954317
1026766212917862401
959232598525530112
1042093734513532929
27613651
17081356
4585364609
955560173807992832
1049972025547284480
721869848
1072702097949364224
894441504009326592
1029060882603626497
3253012554
2957837137
1033172520554438656
1060888281032867840
804727244425924608
1912790358
4780910826
903248555602837504
3360447679
1063090347947900930
1070301387446202368
1019241133115891712
399197822
771034981195841536
242924777
938372221
921201879392153600
1024813455268831233
1016642526881644544
1016199836004208640
210303898
988809787742699521
2829274430
893988393067044864
872284075612045313
919695694499377152
897870178989428736
2491687732
617445653
1051688982713577473
985106779288817665
767951490
744293695751655425
771412347047018496
1033461138862821377
1071393831206117376
1070822022534565889
2566489108
1055325574569193477
868650977578057730
938202254431178753
1054246132325462017
4130961069
741123669804584960
1061992213935218688
1057323626741981185
2940745133
262878729
769283818075193344
1057629053757222915
1002952961381855232
983791487501582336
738700909430079488
13779932
1060491105207246848
1066769365322756096
1066077777470939136
1063307212586721280
1027261839095345152
910908474674024449
955209857795284993
1062503183942004736
938284727596748800
3377620569
1049473990279012353
1008099568226103296
1067947238947606528
771338148773294080
834979437682782208
958411228518502402
778616215027666946
1045391890307305472
3314808297
776122828449918976
612663016
3291877906
1069922628180340736
1008404990375972864
70137971
319033018
168556108
2297567684
2917608912
860882370345541633
235576226
1070370048970248192
887482028186316801
2613070213
1040690522996834305
459657210
1051288028050788352
3780170713
101807762
1049771262174748672
1026078773274402816
1052381512090275840
1069957203455553536
1070119714121105408
788700234
225345856
1031559380922195969
1069636304743350272
850690474184761345
769452253203890176
2434562952
1043412922733666310
611896954
947333973126066177
3167277407
4221074174
847954507409633281
1064445958631514112
946387459155398656
838361005264683008
3237872141
946988554445471745
946760886991060992
2577915856
776203588355829761
881115168
1063553108511522817
36086910
1063565455032442880
775044539220430850
2853748001
1902510120
923155974348857344
593044735
1069415545223602176
2740249048
1052427519624929280
867824574817157120
881385042651488256
939975187071676418
899873135024947200
921162192241623040
1054102677112598528
1069103457649508352
1017086049078702082
2997684385
3466389026
988973498520358912
2868241745
783089759421800448
1068337311702765568
1020016196
1023994424680964096
1067801891973840897
786532087578914816
1409468016
467353631
978099704142671874
988207554986684416
1033724480781053953
1066009262265171969
1068346182282268672
1050211916528971777
917490616665366528
185951718
504501220
884541666266406912
997907158304899073
827954305877544961
1067778373294981121
1064971577765359619
702573178204323840
1039380787341221890
1047576700018741249
2502102672
731401045063139329
1049835867731357696
2711941032
2608760419
1054832768851558401
997320647553368065
997278358462283777
974721104903368705
535537496
975224453503184896
795491958097465344
1007352087888396289
1040210064890634241
864951034493272064
1967425938
1753115269
1059354679702839296
39393808
1053381643938025473
976559738262605826
934472104485048321
715561351515648000
946125547222065152
979594701132193792
1026877718644903944
934995984093937664
864978232441024513
2714789091
997184696978169857
17052856
1021975465987330048
1012907066242097152
931165107467386880
1067140947685851136
843977441454440448
828815231115747328
899097277427482628
2843856952
2265946524
2787222657
983342974049255424
708403036255817728
3182103908
976237267114131456
862775554386399233
1066822621436760065
985306274475708418
1035758539829116928
887945801091080192
899462766775353344
997890882731958272
1065580598750846976
1064784250954633217
969985762329550849
1066567672521846787
3023561287
1918874586
962436276149538817
3295834731
1000554368976891905
274718725
551423048
1031625317511778309
2825371975
1056567961299881984
1044966440351150081
1398564026
295040646
122599964
832429457142984704
2460037442
1002354679638994944
1066506684569391104
976972983469334528
1066439036372312064
1056935834446901249
738773131678994432
1027803770468622336
3352085472
1052842303373680640
1040994696812740608
1000318477478088704
14289916
1038427033179762689
740934007005712388
360995421
951715442552442881
1058921307276865536
914832346884530176
1017609222861795329
1052387940352045057
1007636027865993216
1025072709250646016
4144275694
1061742161413062657
597759443
709132013803012099
983907467598872576
804051773841428480
1065816358355693568
856238256937193477
794226888650551296
1056723175894122496
3227026964
734585343446503424
1004144332318871553
849128323
362252278
1011252846644170752
1020438777804861441
4842331113
3028313380
1065362188997582848
3384431255
305802266
1032203026755346433
905099054090133504
1002710277832364033
879238373344333824
1001672485228744704
969305996832202752
961772669476601856
3314422909
1063973068077453313
1059239007102623744
1019116318782566401
988266064558608384
945342135452229632
962035672679825409
39028536
761654582455828480
884299608947556352
876752193847775233
502192651
959264467849707522
1064518125729669121
747409348029202432
1017353581828042752
1118256402
970819432682610689
909444447687069696
942624597312143360
1063899372273000459
912408574302834689
3315172992
822288801301020672
2433132063
748523373622329344
910462454567641088
2961239817
885504797486592000
756148976706056192
899480371254841344
926615092044673030
770257168381587457
2923463595
904784492929228801
981706009700904960
1019297474303778816
1021454999732269062
1063447773075382274
1059719255216668673
1662720492
1063372635520753664
834844739023298566
1059889013568327680
4163887274
1063178772856344579
2613860251
2362507297
1063116169564037120
762792954528342016
1673791680
1591970053
4806795149
2994632785
2858537067
1058747282365927425
1040215583805997056
872177472
2528616907
877490567365746689
581230797
284801734
1916027095
1109821945
4627521673
419112777
1028437700066586625
1624394881
917667145
1553385492
992670321458085888
989214244796293120
589513144
1015973705380483074
19538284
2305189694
1058711849141710848
880578288732835848
978078681888419840
2593987842
741006563670773760
2763859435
912528995048198145
1055023490003275776
2505645306
1019399807616495616
1017610692126535680
1077211760
977776316115165186
1050696344820768769
944158722364006400
1061946971781423104
1056265182186496002
3273558469
1058337047604277248
368767757
996559687574212608
779069135988920320
867850772305915906
1965516096
967835293306032129
1930938512
869361121408335873
982367684397617152
2387477299
770749918029807616
1870170001
870728195938672640
826332846352629760
861218598722969601
1034872966897655808
1051371719921991680
2997176825
928281072303034368
2904610298
769774990161944576
884603476432609281
714898975313235968
2660235960
911794984088678400
211385239
1024711249894883328
837453471070695424
996941811925987329
902707653100560385
859410364907352069
999518689341960192
881941127724769283
917846961377763328
3249954674
818739834613334016
860705349149392896
956678980404363264
929111131846688768
909418395187081217
2704557361
2883475631
1034999289766760448
872307384567435265
861080593857228800
876225473734336512
730165639667556352
1027016112482004992
929178237011447813
1040371956812574720
331112015
818237158083461125
1058604791046127619
4843974791
898326990129967106
626813087
3280933208
841031025211932678
947625692543553537
924718584458305536
1052291034221305861
15340851
841980535241072645
928712823844122625
721792045392793600
1029449069998034944
814232860215353344
992573658286776320
979841622484684806
1058917907399405568
911539531547017217
978352016
895178721832906752
1019612369981358080
3499008912
16168730
830181382311833600
929554366448599041
3184146942
1050097432770555904
36297359
828164489442951168
1060034316942471168
1979100583
950216717115912192
817353310139084800
1010670262948425728
974486077980385280
704282760672886786
1042430730519760897
2943883414
1057572521548177408
954291629120262144
1002962199625785345
1056687568153141248
1002958489331912704
1045367210456371200
997936880183201792
69128546
1041747228610768896
1060416853581971456
947589989931667456
3425946323
1059986025588633601
86628547
1022718298813878272
2931523040
3847488257
1032198883336699904
1001935654853496832
959872842501361664
819079732637495298
169551506
996462898707943425
367605154
148431630
809902476409372672
14551301
2177005218
4091954255
1050675504053964800
852291390247665664
1706280998
991412657839394817
886728635830460416
347468570
331384594
1057772384265101312
1058792689196507137
806342890314080257
899365107297390592
855568133645623296
850500326453104641
928516456261791744
851140948352479232
879822871769604097
988193810730668032
776889812854812672
562620823
1058804258034741248
841262517661777921
979802419017248773
804026767254007808
1043584451131916288
4419556377
1058486505314893825
1056353429885464577
789672485029498880
956079959088553984
1004641680593694720
718705940581720064
1034963876083851264
1057458231918751744
587948722
900704046763433986
1050128862829527046
899741609159536640
3051656947
1047267385525207041
3031769679
2765960363
812391173297938433
889852110065545217
1040932820934377472
1001328401028820992
3357408322
1025247032242593792
902648153878523905
895420238887493633
45564388
1016757252047302658
1057308256887078912
326873831
956953787230498821
1006926382033584128
1057386511275081729
188934055
528566691
1916303784
956292020909346816
1002338304728035328
221146659
1388694180
208295718
1031060399058296832
1595008489
861612864
1019436169715732480
1017921215850254336
1357714100
1056977193727860736
14122002
29188229
3262784552
978122222995992576
887044094920462339
1040979832778186753
886704563046297600
1047001383126355969
957015488940273664
1594080438
106979390
3237365550
975228444
108318300
747625924653244416
987481579034300416
1056387165893025793
1040302282921926656
853448612793208833
3220872464
804914241958506496
826621395434078208
916038626185826305
935680994463563777
932389689914470401
1615627656
980953733155774464
755569137485701121
1033870702259056640
701043323579068416
1001153290783084544
20654524
1053361209641263111
4245884314
888524131876184064
838134080906670080
364298342
1901662334
85904848
718066529628127233
1023125123572936705
1055971689631121409
2586998449
770491173785989120
3138530034
791188254993289216
1055724853150519296
1668778081
1008488843924959232
996801590324617216
1671589339
895058210
856666754822680577
1032063887015723008
1030903814541508608
986771682730835968
999938568909975553
1053514144861827077
61893657
1000533863502786560
19476729
734088929431986177
895672758767673345
842871829668671488
2711303392
450522577
978773168809799682
861594901896720386
1054920119044849664
915661100645015553
4154282893
804355304486043649
998753630852407304
959913037208608768
1112013962
821557802397290496
905248356037001216
822529139580116994
757477565573378048
1006671885105369088
971048614746378240
918816879304740864
2962391513
1054734744716541952
1040941020207169536
1016563984483246080
1047488641692524547
821925598977085440
4123018103
1047149830735200256
975311581310431233
1053669604000698369
1600762310
1046093566232137729
108670090
1008723823334756353
1051562911695560704
841104382246625280
1047903822121721856
787296244209225728
1049675409053425664
895771195
851858294687793153
1011322892628451329
837847717778960384
891665112490278912
1067117689
3118312009
3903575243
3809629394
1028725582681366528
926793652210302979
93259692
1048258212233969664
998875465661190144
869374114573631489
1034662883219525632
740296815828865024
866058941683445760
860674623612096513
553864806
4429763381
769731161878781952
1038452020557041664
927115976331677696
1001476741595090944
1046533925978460160
836367534874066944
1031044038382637057
953116465665859584
1052224878328336384
699072661331116032
1008217487618596865
959188679242764294
33626903
841135742185177088
1075245907
1049818909233229824
908769060413952010
580957080
1051895387240292353
1048034991102468096
925881721601617923
1048897386184134657
1042522108058918917
1026539511965204481
3290225555
521722839
926066504755482624
924884968890777600
957991984656011265
1017276843479597056
860635688525471744
716215887338930176
1002723672325439493
1027741878735843328
1016151924821905408
4206431242
944557342917648385
1051737790000455683
1047002291495211008
768267739005722624
965349348623179777
1052599282845605889
20293810
1005645670491942913
978267089864605698
3051621347
700851251429433349
970715287245897728
1021674515762487296
824509299607080960
1043858916080332800
1047911717999656960
889703211107577861
990896924394864640
2872328327
1052132535323545600
2899314165
2932215653
866856251350798337
271028346
1047951334593503232
888149148343701506
925800915075862528
969006930910949376
1016056732026572801
1037663012361039872
1046194590544351232
758933152458878976
1028709061477511175
1015291133054865408
902593588479090688
1048639243227213825
963618201518116865
994695060909379589
3666583633
3259341416
786268908709740544
757004060419584000
891509258138730496
52781299
2183121056
821412250145722368
894750065004236801
967528381419065346
1033844857264136200
888621822463229954
823974036392833024
2485994282
1019230822736379904
901068358208151552
1017902672815456258
1049083086334570496
1954782500
2941688259
3197891885
4599775529
972649141510615040
1050598926376562688
1046536555941093376
983863430410063874
938562343134486529
900257141264658432
911452035773599744
925386987028271104
1040434294546546688
995418992306282499
3036070301
2513984544
962181386135318528
4288381239
935317196196270080
3140481428
4040311133
1051173525606805504
310381283
94937088
1004977918307684357
1031900657421234176
4493977153
4075568854
800684326929121281
837515716882395137
934898373043392513
1039390876080979968
1047136488432050176
969390536288342016
1016519612060577792
1037901633034833925
1029814741877895168
777815930457956352
734133760539688965
156152486
2184254105
41778646
904866710762557440
783875028743958532
893588507494465536
1005753649316982784
2179625581
2617484985
993155369089171456
1478840857
2906175750
1029636374129868801
984032998654992384
718333428651945986
3195218712
878740211492167684
980861258835652613
556353323
1038878281729298432
3343040032
1009868074902794240
3072104767
3179319706
1029415499912896513
1018564296366804993
1038853998755733504
201816346
910937323390545920
908335146520252416
1002375939643174913
2287699472
1031653174036365312
977738685914468352
1022517089662169088
79582730
876871349842706432
795616152307253249
1007493177241100289
977044650547544064
1358098616
967095253500088323
958393374096134144
896338413086834689
960795269964034048
1120362151
1039839471926169601
997186040183115777
909553082136014848
983577387035123712
119273181
1009271129792532480
847473652387815424
576772656
1022434067919331328
817239769893650438
1047621900732694533
1034988066392498177
1019741411846049793
739533862913605632
716020509624950784
909592416629477380
945513992251830272
983766557422694406
1030532821625065472
984913358385278976
767977803354664964
957220888364990470
1021482120945061890
4263687493
894149027939397632
796801670361575424
809418964975632384
408209061
1034685811852279809
758569270993416192
2429241290
918801453267013633
919707319038042112
911935581281587201
1017024712633823232
1006629649131163653
3326955985
1011714673866170371
166683470
1022671199007137793
633053622
1023522696145985537
2398671200
249493424
1037411075879198720
970903999581794305
723369434153242625
140948000
4102046177
991351656934764545
1050157714943369216
2215336252
991484447068311552
718822172580392962
1023915988914335748
1012103039648501760
971994990590046210
739497172228509698
2832326409
2868104772
1050376357115547648
212159793
117642444
3039198256
1049417629272862720
48457354
700397066053423104
973785648099454977
947656256239620096
467181570
1006682644975796224
788926257190703105
1008835016820908033
958135227024490496
2225752826
3179275022
805163726169133056
995540622327955457
114228203
3196250279
1037001753852428288
1048280448131059712
773616316666224640
841147530213756928
764885807563808768
850768472082702337
861757798564188160
828789639628611585
1030151907241861121
886703580891295744
1051494690
1024674613937225728
876280362556571648
511632080
885503089452732416
1010526999587278852
800204031847112705
1485525997
745126872770457601
829610146141609985
176655892
741528553926205440
948219413248884738
843530254866178048
886714856509931520
992646814959452160
797818786552381440
1034138683669192704
860534047038164995
926987625134780416
1040348544186675200
1724836074
3016910772
989983242521542656
816660042
1012292670734196736
785142652681359360
1048538529859551233
93985236
2785418356
966862009
891889494592331776
1515017628
979534230475722752
1011419449679851522
1048015851960582144
887744958366715906
3451173794
887459897914396674
992953507639693313
882330085319213056
970698211517255680
2407674647
910681153031561216
521825608
1047619434632962048
946954972985511936
1026881902102413313
1025219356798607360
978776536223535104
1021085258857533441
2808733332
810200265169113088
101071183
829490085204721664
1005461764782329858
1046374978860535809
1048391400377729025
94723911
799695077379448832
1024317700154306562
1047933790352560134
959909183360348160
1032441809618825216
1007093257321566208
1027365836066054144
1009106880592039936
986379665928523777
67657085
1035942002825691136
2526340142
962664546052829186
1000763476917309440
3127462745
1048524359898484738
2286389376
4910246518
2358594121
897333713582870528
3249055531
2563102049
1035727063569686528
928052781864321024
999983134690115584
768450493
865440746173644800
1012460537643401216
158767734
851355885452627968
1044129791501230081
975868805435060224
1037753585113518080
845307846040408068
1031307649785229313
3316449970
817009951839285248
938521326381395973
938250270563119105
765626870276784128
993331353960628224
946571232664866817
800192980967571456
889151032839860229
783323981961043968
1961210143
931026503265112064
924992414837821440
864200981273333761
859829584291930121
796901616318173184
1047414089968959488
232635632
585214287
1034892129485684737
972160740907012096
4837730042
1007231364733833218
936265750205022208
3222689991
954479318943481856
747279339406786560
1038168562781835264
884618567156674560
1046060262560878598
830588784014159873
788158048300773377
1016091786719027200
804801048921542656
969090714071130112
285923761
839242178786390017
1027691635549921280
949562068335767552
3780063973
1025534941592002561
1046010908231815168
1041511601252134913
1037456379777376256
830718887687643137
548066250
820012272252751873
1043070747340627968
1938809311
3389898694
856020552259174401
1036901785217187840
970550935436120065
987490006263615488
3290567094
1033121925483122688
3182779009
1040679881326059520
902202536727339008
88371854
46735150
16389319
1030380831037108225
959244604083027968
38573528
1002572607948910592
869171959719841792
864470195464622080
1038676584604028929
1176163578
869297835682009088
840152589450764288
797000912946470912
910254120216465408
1028838816302424064
976481514019000327
1027986382965198849
1040315251005243404
1040862437845622784
953003049508892673
943485383802851328
707266298212782081
911805334146166784
1027563123807539202
526635620
972572160068935680
1042904425335971840
868479262029864961
1003057714388488194
3867466466
210141397
357768166
1012208059735629824
971218267808264193
749373780900937728
787662784460824576
1042203784393502720
954406937801740289
893948433064640512
916314755916353537
1039259713781805058
913239653536452608
924583003443019776
3096986958
1033170813153959937
3228387284
857463000
2169231500
967589379035234304
1019701254539264001
764855518976507905
986635532682911744
978508980551954432
844372261440278529
968886345153249280
977832188250148864
853392657384710145
943279923862687745
14379696
703951840719732737
1041174345232474112
868537692329574400
785595423419490304
833776454378876929
900446240147681280
1005603363910807553
1033497928407691264
887268991777087489
2390231388
1038247066814869504
2234979020
746561564774305792
987133810633527297
3420554774
1036651930913792001
1016664460591804416
961287175508779010
3041548413
1030931179099316225
1033022289271562241
1036372864230993920
803216454338445313
1015378109430976512
4531642216
945224952747237376
829436197067952129
948840700669554688
807541694560235520
129640700
803704387323445248
4226101994
785927393105940480
992253217
906614342946312194
1002158925934989312
634566485
998054122615181313
848235611534307328
289300774
910126469329952768
921303496472911872
783494023310745600
845456114665885698
843069841
893568615546585088
861806939273035777
950250590025629697
870721663
880151059771076609
989026490
898322407248625664
860562339229302784
987811399635292160
980912736
768540761067446272
238955376
804954812047650816
2700499361
187522713
867139796094918661
2815260823
3171712179
1030238309631643648
1032722876682649601
1010962050594541569
904722667336552449
889676842088747009
2396464506
3075386166
930040266312048641
817393885651476483
2230652760
984048903984214016
1658315532
1042721571507515392
950414959875325952
1035620674910515201
4074836246
1018913533134868481
3336080659
948770354
3597444016
220121053
241722352
873650104783294464
804427281091338240
786337573811597312
264530860
742012681939525632
125716114
457195386
1012384207535071233
917148918953205760
401107039
1040594701278175234
874008815162851328
777605993224110080
1030953973480652805
1035831279990841345
1855549406
990727296578240513
1029092676279386113
1012417780866527233
952439490689167361
993929371663482880
1963189452
1707908412
1018537353470758912
884488424689893376
884828418013089792
2252075664
850917772024397824
908881117985562625
4213293497
1014409921926979584
1037153084525477888
738424954081841153
945067472247513093
797493027635871744
921973026219896832
2314168784
2857269804
709800358529224704
955700785848909824
888524675877408768
938932483764244482
3432355762
946501130938445825
709193750
1378685371
721162264238243840
821137173860798465
1659292915
956052815796895744
705791197
1006532554399371264
930531889420603393
936637068381442049
897352885528383492
712470721142902785
925995828971556864
995607915095642112
921934105155129344
988023926059143168
289118612
925899961216225280
739946412054568960
806235290729906176
69575543
1613664836
718582416378576896
856862321389576193
881531814887731200
3294049604
922333194791342081
943003355173085184
2892812613
2971703092
264534487
864243835618172928
866973463898189824
1454665477
894926504252932096
930413714095751169
74279173
869586584684961792
947353616410583040
959870895656337408
854526533037428736
775066953987727361
2957694681
285213363
271251796
570516593
1061278862
6780702
929879002503942144
860576708960940032
2958163594
971789383270617090
748623690909253632
866394925956517888
848522981143752704
3439752315
1004142715804770304
967947837982912513
975742499401732096
989142482666577920
959997004117086208
784223194408366080
819792374
925644609295994880
1780555172
2205206113
964782087520727040
836682330739732481
897160992471298048
4275985949
77569273
1854095768
3430296974
917785310842507265
983048303964278786
595105499
780532484853215232
1009508398243737601
883175735938211841
934553761510457344
924731835174871040
798180526397870080
961040087801720832
974142240334536705
913337848123637766
843101520
2178755504
976071254649331712
821523892611125249
1231681165
517938473
947062490965217280
364470205
827305068278009859
1045526742
842046116
1022364588279357440
561116904
925144346210570241
4912927266
107469877
756096505
3142886820
851164969660010497
938316698293276673
911064758887108608
707701562844581888
819781328874835971
966295249692909568
716299857670107138
852018222199066624
1018520770438402048
801607379003523078
3506108956
1006031863087955968
983950089789100032
700708656
775627602811822080
35056142
926856243028795392
3295815002
227421902
4152188788
2536612510
828118549558415364
4850940192
