1097505086337634305
1092782184690343936
3393532509
974672314087374849
1066401429265383424
785525271172644864
886249815704817664
1079931387879276544
917968126100287488
802529703856865281
1058283785500942341
813894799052984321
984590094999982080
782349927145811968
1077498864087662593
872386423415914496
1096028909399871488
980090578137477121
1047110090099175424
1090312000826150918
930756231551008769
3028950472
904351337923485697
883206329942368257
2476723388
1091676795768840192
1000319243269869568
1000056205618896897
4879424152
1091062186607370240
1088909532837879808
1046853800512774145
1015103669782528000
2929751247
952679928088137729
1085231013238841344
3762822203
751705135533944832
733773917077266434
1080829919305834496
885263372576587777
936326992370257926
1058033834242043910
936963864910057472
754495415668604929
1030584759800553472
1050045735834722304
1050749052814577666
1066284113043382274
1072839211189846016
952945996555866112
2471496404
3105217541
1078621260001824769
1077506447129432064
1059746843763056641
1168854804
947747552639832064
917500135382372352
1058804395478007808
919611670367961089
1020032890845966336
903204084714536960
4711272076
1048323198779940865
934175169903513600
1023361333876715520
1049720006672572416
1075274926595211265
1036736041288429568
939712110782693376
1072842717292650497
955552218563792896
1020636488122470401
4312044616
896917733824233472
859910390855159809
1012488430318571521
1069680153637326848
1073651852556812288
952371845306740736
1015211757453889537
1038994979182526464
4797919774
1032253548770349057
916634438385176577
4003839741
1073193589289705473
1072927050208567297
1032537091383721984
986376799193059328
802194186267136004
801029834096996352
1070032634049368064
949291206462394368
1069337089676926976
1069119767792033792
2806626603
970998214726995969
1067939699229159424
912682358511472648
1062813197491675145
723288451752288256
747138448440627200
1046792957146349569
1030565623221428224
1000051537664671744
1025910105370447872
969705312692383744
1060142389036310528
1021459255948468224
781893735743356929
1063492119669686274
1038563508881948673
1000123984300658688
893705798123110401
1058402158192873474
285686573
4187575347
3378534803
1019981065904062464
3990453021
968562585003020288
905402640372248580
1019988678314250240
4923725008
873753718814126080
717025862860804097
1026813289303564291
741847574957563904
1007265045502255105
983099833345916930
730793566612623360
3568243041
782638716053393408
1015691609365762049
1056764552551915522
1056562800061870081
3347622245
768500826067308544
1055733985731584000
791771469751652352
986713817202810880
999890290767945729
770334067355217921
1053701955070185475
886588637407846400
747358220851757056
1020351868696956928
4838216410
4863887038
3407465933
1238453149
2885909603
1047857529043206144
1013513924719849483
881206863710257153
1046333846940274688
969566786285981696
928178335657742336
929698127375978496
1044230939801526272
873569063854899200
892334144738516992
900348668737449984
965457969759641605
1011976686773194752
1045243276075454464
2277478393
2405292490
1042132129923129344
332068982
946469246275670016
980971854092554240
1039321232594874368
951883891756892161
1017873644641497089
1033781403895386113
1036254149267152896
1022202934266880006
1022503740769808385
999978274846576640
3410164645
871452740697960450
794911082674581504
901905865258696705
1033513968881623040
871477396247126018
1016572673881706496
1032685283463061504
1028689299670278144
1011155336538066945
1030542426937667585
986598520877666304
1030155175917486080
942807809326018568
999892551233556481
1001193938957623297
1016150127604617219
1028211408956256257
1027799132642193408
2193135508
260757728
810945717611220992
893208905689563137
908078935824531456
3309682072
1027270793300979712
1008256107427614725
3300850661
847431596122570754
1025102721576255490
1000807779265806337
1026526122421510145
4545926440
1001094937126096897
733454718425550848
1018525333698568198
981273986473582592
1001152728192647168
1021008474841468928
914636150572281856
3315915389
1024220328837488640
1024026250560647169
954750308495822848
1008442905206362112
954780914088923141
889504392956837888
1014166752861794304
3233927876
1004302001201729537
1000363901870100480
3029133917
823995105400987649
1003027756504866817
979336437094076416
866322424664608768
927640549737336833
977780734164422656
1013673824427134976
1013148076247339009
1015172422218272768
822098452771377152
1014980327322857472
880195853826359296
3291617943
723190473716817921
2788470817
999993904547139585
1000047144500424704
1005551067801817088
862701989024731138
1005780419277742081
1000391538013335554
1012051154849673216
987367535585693697
858033659592527876
980575793192382465
1010861981845327872
1007735644066545664
983584181581213696
968893661374287872
1008368976034922496
1000024112067117056
1007995251062132736
3268052666
955201181671976960
1005369851081314305
1005221168838774790
885550340535398400
935917417473200128
943609609406812162
856486697395265536
1000646742306689024
994674260147916800
888763486800670721
1001880148948541440
1000029234763567105
923600251285581824
1001789383190728704
817462583963897857
898307484942782465
922900459580469248
999961981804335104
863858282330558464
954032745600176128
4656675628
829346466837716992
1000425964315271168
967493406158213121
1000027983363616768
999952269012586497
905881481192636417
1000047312461352960
1000041834993934337
1000038935551184897
999991228082028544
999921231179563008
999897373198331904
911961992654671872
999067593037135872
2945205257
3010017615
707244633529716736
1311948055
991596231284621312
997890656466096128
971064120744308737
907991804104118273
870225530360139776
754794168334086144
933389236849561605
915640961228791812
975394190724096000
911593333218299904
798267161752043521
980093656488120320
4887591389
989960003095232516
2328639748
908037019342909440
991791811042660353
894635678352498688
711299808502419456
898139155405963264
893862815802548225
984042693373329408
968920015390040064
3645001996
2955850890
2923599815
833324913691918336
817479613911891970
978426615427485696
3336548134
808379090063544320
902848714489958401
959903145597046787
717718974008586240
899664726095011840
962759945807638530
4197291443
839438623145590784
967887773108719623
751287188
975497451288367108
886871372395413504
942482182773313543
962215583726137346
918556358039031814
866719506755964928
882712266109595649
787337885984886784
946136910069751810
3449670682
928291224787783680
914251243823992832
2595124670
884127308260495363
149211843
923979238902026243
281172295
3084886998
824244272518066176
3006275963
4351835608
895348483770785792
954742939971964933
833073182986928128
820510850
952820312000909317
912960297178148864
913819417963843586
872441961759879168
2975265830
949952393910931456
2924034725
750241167267201025
895735013572055041
889974212743639040
917658466918989824
847519058169921537
822129665942945792
914428776548900864
926527995514359808
917145231983771648
903015912168665088
905620921100025860
907990217709277184
878418345258663936
903038344514424833
884049299235098624
566082686
3293279328
906052922617810944
356862177
3902287102
893490525789192196
892492065623420933
878236476286349313
874051835144929281
817151414464053248
2158836482
868909875610497024
853324263696326656
2303894986
818221656443392000
743069260721848320
734464434903601152
784737666772377600
789048970593140736
3152418137
785184405556002820
741707209516679168
715843167250214912
700746041964933120
745934181381840896
743832525559205889
3688142175
725866354247651328
3327134800
738006029103996928
727827277954863104
2645426129
723905795897831424
3052419785
718084665077329921
712405296325513216
716337428135559168
498648333
704631748940963840
259715722
4604163323
4873736859
4560314620
4826942223
4826919903
4062377081
3049502884
4797094533
3774424648
92515865
4046716743
4547764841
3479728396
4442350839
2355057709
4352655857
4276051169
3322864251
448470943
272726995
1467029660
2961040247
