manyfeathers514,[1139985715570384897,1140240721619955714]
Mike_Padgett,[1139914664685580288,1139911776659787776,1140240721619955714]
kungfu_mandarin,[1139980218293215233,1140171260477018112,1140170052374859776]
monkey201905,[1140171260477018112,1140170052374859776]
Iconoclastttt,[1139925597583532032,1139923398132424705]
Mike_Charles,[1139985715570384897,1139911776659787776]
dazgood500,[1139927656403746821,1139887625609895936]
miniacmarcus,[1140061456060297217,1140001077691133959]
ClarkReidSF,[1139914664685580288,1139911776659787776]
brscheaffer,[1140078466764853248,1139887625609895936]
snekmeseht,[1139927656403746821,1139887625609895936]
BoriquaGoddess,[1139927656403746821,1139935778182717440,1139865460953026560]
politicususa,[1139914664685580288,1139985715570384897,1139911776659787776,1139948716608167937,1140240721619955714,1140306312942800898,1139906468315095040]
lavenderblue27,[1139914664685580288,1139985715570384897,1139911776659787776,1140240721619955714,1140306312942800898,1139906468315095040]
RSmith1935,[1139985715570384897,1139948716608167937,1140306312942800898]
Alobhin,[1139980218293215233,1140171260477018112]
jolady42,[1139927656403746821,1139887625609895936]
bndsnoopy61,[1139914664685580288,1139985715570384897,1139911776659787776,1139948716608167937,1140306312942800898]
Xantl,[1139935778182717440,1140078466764853248]
Atomizer_X,[1140061456060297217,1140001077691133959]
GGodLove77,[1139925597583532032,1139923398132424705]
MJGarciaKCMO,[1139914664685580288,1139948716608167937]
lauracgilleslil,[1139935778182717440,1139865460953026560,1140078466764853248]
cat17534,[1139927656403746821,1139865460953026560,1139887625609895936]
catsformede,[1139914664685580288,1139985715570384897,1139911776659787776,1139948716608167937,1139906468315095040]
donniedingdong,[1139948716608167937,1140240721619955714]
PaulTheNurse1,[1139980218293215233,1140171260477018112]
Dragon17xrt,[1139925597583532032,1139923398132424705]
souljahsingh,[1139927656403746821,1139865460953026560,1140078466764853248,1139887625609895936]
KatGodspell,[1139914664685580288,1139985715570384897,1139948716608167937]
lance_pool,[1140078466764853248,1139887625609895936]
Burnouts3s3,[1139927656403746821,1139887625609895936]
JohnHawkwood62,[1139927656403746821,1139935778182717440]
Maureen95410753,[1139927656403746821,1139865460953026560,1139887625609895936]
Georgia17753006,[1139914664685580288,1140240721619955714]
BreitbartNews,[1139927656403746821,1139935778182717440,1139865460953026560,1140078466764853248,1139887625609895936]
tonto_1964,[1139980218293215233,1140171260477018112]
GeostompX,[1139914664685580288,1139985715570384897,1139948716608167937,1140240721619955714]
Willeamon,[1139914664685580288,1139911776659787776,1139906468315095040]
obiekezie_b,[1139935778182717440,1139887625609895936]
forsurftoo,[1140078466764853248,1139887625609895936]
CRG_CRM,[1139925597583532032,1139923398132424705]
alliomack,[1139925597583532032,1139923398132424705]
am_mirk,[1139980218293215233,1140171260477018112,1140170052374859776]
michael05833466,[1139927656403746821,1140078466764853248]
enrirosasdiaz,[1139925597583532032,1139923398132424705]
ClickHole,[1140061456060297217,1140001077691133959,1139880274962059264,1140242652480376832]
hala_at_my_girl,[1140061456060297217,1139880274962059264]
santo_aol,[1140240721619955714,1140306312942800898]
agimediata,[1139925597583532032,1139923398132424705]
roentgens9,[1140240721619955714,1139906468315095040]
ROOSTERTLC,[1139927656403746821,1139935778182717440,1139865460953026560,1140078466764853248]
WhobbaBobba,[1139985715570384897,1140240721619955714,1140306312942800898]
JieWang1111,[1139980218293215233,1140170052374859776]
Thatsworrisome,[1139935778182717440,1140078466764853248]
uciccolella,[1139985715570384897,1139911776659787776,1140240721619955714,1139906468315095040]
GaryC23619095,[1139914664685580288,1139911776659787776]
Gitmoite,[1140078466764853248,1139887625609895936]
silverthornn264,[1139985715570384897,1139911776659787776,1140240721619955714,1140306312942800898]
PolitJunkieM,[1139914664685580288,1139985715570384897,1139911776659787776,1139948716608167937,1139906468315095040]
MiaTorres8,[1139927656403746821,1139887625609895936]
FCriticalThink,[1139925597583532032,1139923398132424705]
mcmounes,[1139980218293215233,1140171260477018112,1140170052374859776]
maxrafaelwaller,[1139925597583532032,1139923398132424705]
sylc5star,[1139865460953026560,1139887625609895936]
LadyGloriousjax,[1139914664685580288,1140306312942800898]
KnucklesMal0ne,[1139865460953026560,1140078466764853248]
BobJavorcic,[1139935778182717440,1139887625609895936]
Bravery05089991,[1139935778182717440,1140078466764853248]
malama00,[1139948716608167937,1139906468315095040]
ArtisticEye1,[1140240721619955714,1140306312942800898]
NanaDavis_46,[1139911776659787776,1140306312942800898]
infowarrior2019,[1140078466764853248,1139887625609895936]
dhillos318,[1140171260477018112,1140170052374859776]
Towelprazolam,[1140061456060297217,1139880274962059264]
MarcoPo15951142,[1140078466764853248,1139887625609895936]
yylow02,[1139927656403746821,1139935778182717440]
My2centz_1,[1139927656403746821,1139935778182717440,1139887625609895936]
marios_brother,[1140061456060297217,1140001077691133959]
darmagirl24,[1139985715570384897,1139948716608167937,1140240721619955714]
LovToRideMyTrek,[1139927656403746821,1139935778182717440,1139865460953026560,1139887625609895936]
TheCeeside,[1140171260477018112,1140170052374859776]
KarlSanchez13,[1140078466764853248,1139887625609895936]
AnttiHarjula,[1139925597583532032,1139923398132424705]
Bellynda321,[1139980218293215233,1140170052374859776]
Harry71A,[1139980218293215233,1140171260477018112]
jpwilloughby,[1139927656403746821,1140078466764853248]
kevskewl,[1139925597583532032,1139923398132424705]
BigBrotherQandA,[1139914664685580288,1140306312942800898]
SylviaZ1913,[1139911776659787776,1139948716608167937]
dougmac0063,[1139914664685580288,1139911776659787776]
charlesazorn,[1139985715570384897,1139911776659787776]
calling12001,[1139927656403746821,1139935778182717440,1140078466764853248]
maritzasolito,[1139914664685580288,1140240721619955714]
mryfrtsn,[1139985715570384897,1140306312942800898]
JoyOfDachshunds,[1139914664685580288,1139948716608167937]
TinyFingerTrump,[1139948716608167937,1140306312942800898]
21WIRE,[1139980218293215233,1140171260477018112,1140170052374859776]
jamiescottwrite,[1139865460953026560,1140078466764853248]
